INDEX LOCORUM SCRIPTURAE S. 491

hom. - 16, 14. — 85, 10. 2 Tim. 4, 16. - 75, 2.

1 Corinth. 1, 1. —- 38, 7. 4, 21. -— 203, 29.
2, 9. —— 472, 1. Tit. 3, 10. — 153, 6.
5, 3. —- 308, 15. Hebr. 10, 34. - 283, 19.
15, 5. 7. - 38. 21. 12, 6. — 461, 1.
2 Corinth. 3, 3. —- 416, 15. 12, 22. - 408, 10.
3, 6. — 270, 27. 1 ναν, 1, 1. 85, 26.
11. 1. - 306, 10. 5, 6. - 199, 10.
11, 6. — 271. 19. 5,13. 64, 9. 270, 19.
Galat. 1, 19. - 45, 26. 1. Joann. 1, 1. 2. — 327, 15.
2, 9. 13. - 38, 10. 329, 7.
2, 11. -— 38, 6. Apoc. 1, 1. 2. - 327, 6.
4, 25. - 408, 9. 1, 4. - 327, 11.
Philipp. 2. 6. — 198, 13. 1, 9. - 327, 26.
4, 3. — 87, 8. 104.18. 2. 6. 15. — 120, 29.
4, 8. - 414, 23. 10, 4. - 271, 10.
οοιοεε. 4, 10. - 74, 20. 13, 5. —- 304, 7.
72Τ1ηι.2, 8. - 86, 29. 14, 4. — 185, 22.
4, 6. — 75. 19. 22, 7. 8. — 326, 18.
4. 10. — 87, 1. 327, 30.

4, 11. — 75, 21. 22, 11. — 196, 29.

