INDEX

LOCORUM SCRIPTURAE SACRAE AB EUSEBIO

 

LAUDATORUM *).

Genes. 1. 26. —- 4, 29. Psalm. 8, 3. - 459, 8.

15, 6. — 19, 7. 9, 6. 7. - 459, 22.

18, 1. - 5, 18. 17 (18), 42. -- 459, 25.

18, 18. - 19, 14. 18(19),5.-49,24.100,15.

18, 25. - 5, 23. 25 (26), 8. - 452, 4.

19, 24. — 6. 7. 32 (33), 9. - 5, 3.

22, 18. — 19, 14. 32 (33), 16. - 440, 22.

32. 28. - 6, 11. ’ 36 (37), 14. - 459, 18.

32. 30. - 6, 14. 36 (37), 35. - 448, 10.

49, 10. — 21, 26. 43 (44), 2. - 451, 13.
Exod. 3. 4. — 7, 13. 44 (45), 7. - 15, 7.

12, 19. — 28, 2. 45 (46), 9. - 448, 1.

15, 1. — 435, 3. 47 (48), 2. —- 452, 8.

15, 4. — 434, 11. 47 (48), 9. — 451, 23.

« 15, 10. - 434, 28. 57 (58), 7. - 459, 5.

20, 3. — 364, 14. 67 (68), 31. -· 47. 20.

20, 5. - 305, 28. 72 (73), 20. — 459, 29.

22, 20. — 364, 14. 73 (74), 5. — 460, 20.

25, 40. - 11, 30. 79 (80), 13. - 460, 25.
Levit. 26, 12. — 467, 25. 86 (87), 3. — 451. 29.
Numer. 36, 6. —- 29, 2. 88 (89), 40. - 350, 12.
Deuteron. 19, 14. — 301, 31. 97 (98), 1. - 447, 12.
Josuae 5, 13. — 6, 29. 102 (103), 3. — 472, 8.
1 Paral. 16, 22. — 18, 28. 103 (104), 16.— 463, 31.
Job. 9, 10. — 452, 13. 106 (107), 20. — 6, 4.
Psalm. 2, 1 et 7. — 13, 6. 106 (107), 40. - 351, 3.

2, 8. - 100, 12. 109 (110), 1. - 15, 24.

7, 16. — 434, 20. 112 (113), 7. — 452,16.

 

 

*) Numeri paginas et versus huius editionis indicant.

