490

Psalm. 121 (122). 1. — 452, 3.
135(136),4.17.23.—452‚26.
145 (146), 3. — 446, 10.

Proverb. 8, 12 - 7, 26.

Jesaiae 3, 10. - 78, 29.

7. 14. - 208. 12.
35, 1, - 460, 7.
35, 6. -— 461, 6.
43, 19. -- 322, 6.
49, 8. - 3'10. 20.
49, 18. — 466, 17.
51. 17. - 466, 4.
52, 1. —- 466, 14.
53. 8. - 3. 30.
54, 4. —- 465. 26.
54, 11. - 469. 17.
61, 1. — 15. 3.
61, 105-— 465, 16.
65, 15. — 17. 17.
66, 3. 4. - 305, 19.
66, 8, - 17, 14.

Thren. Jerem. 2, 1. 2. — 350, 12.

4. 20. —- 13, 3.
Ezeeh. 13, 3. — 305, 8.
37. 7. —- 449, 23.
Daniel. 7. 9. — 10, 29.
9. 26. - 24, 7.
12, 10. - 126, 29.
Michae 5, 2. - 29, 17.
Hagg. 2, 9. - 462, 5.
Salom.Sap. 6. 20. — 207, 27.
Tob. 12, 7. - 306, 13.
Matthaei 1, 15. -— 25, 23.
1, 16. — 26, 1.
1, 18. —' 45, 7.
2, 22. - 33, 2.
4, 12. — 113. 30.
7. 20. - 223, 9.
10, 9. - 222, 29.
10, 10. —- 245, 17.
10, 18. - 394, 27.
11, 27. -”4. 1.
13, 7. —- 447, 20.
16, 17. —- 327, 18.
16, 18. - 271, 3.
18, 7. - 378, 11.
19, 12. — 249, 13.
19, 23. - 284, 32.

INDEX LOCORUM SCRIPTURAE S.

Matthaei 24, 19. —- 95, 29.
24, 24. - 429, 6.

· 28, 19. - 88, 10.
Marci 1. 14. -- 114. 2.
Lucae 1, 3. -- 86, 23.

1, 52. — 452, 18.
3, 1. — 26, 27.
3, 20. - 114, 4.
3, 23. —- 25, 25.
10, 22. — 4, 1.
19, 42. — 96. 25.
21, 20. - 97. 5.
21, 23. - 97, 1. ’
Joannis 1, 1. — 4. 19. 329. 7.
1. 14. —- 329, 7. ,
2, 11. —- 114, 14.
3, 24. -— 114, 18.
5, 19. -— 457, 30.
16, 2. —- 186, 24.
19, 15. —- 54· 11.
21, 25. -— 271, 8.
Act. Apost. —- 38, 5. 75, 24.
85, 25. 86. 11.
1, 23. - 135, 5.
2, 3. —- 470. 32.
2, 28. - 55, 21.
2. 45. --— 65, 30.
4, 34. -— 66, 4.
5, 29. — 231, 24. 306, 28.
5, 36. - 59, 3.
5, 37. -· 20. 29.
7, 60. —— 199, 15.
8. 1-5. — 46, 15.
11, 19. - 46, 19.
11, 29. -— 55, 21. 59. 29.
12, 1. — 55. 29.
12, 3. -· 56. 13.
12, 20. — 56, 26.
13, 5. - 328. 23.
13, 13. — 328, 26.
17, 34. — 87, 9.
18, 2. — 72. 3.
21, 8. - 123, 24.
21, 38. —- 74, 12.
28, 30. —-— 74, 21.
Rom, 2, 16. - 86, 28.
8, 18. —- 184, 14.
15, 19. ·- 270, 28.

 

